NBR_PRODUCT:20;
NBR_CUSTOMER:4;
  TRANSPORTER_CAPACITY:5;
  TRANSPORTER_DELIVERY_COST_ETA:0.7;
  CUSTOMER:1;
    CUSTOMER_HOLDING_COSTS:0.5;
    TRANSPORTER_DELIVERY_TIME_SUPPLIER_CUSTOMER:200.0;
  CUSTOMER:2;
    CUSTOMER_HOLDING_COSTS:0.7;
    TRANSPORTER_DELIVERY_TIME_SUPPLIER_CUSTOMER:130.0;
  CUSTOMER:3;
    CUSTOMER_HOLDING_COSTS:0.9;
    TRANSPORTER_DELIVERY_TIME_SUPPLIER_CUSTOMER:80.0;
  CUSTOMER:4;
    CUSTOMER_HOLDING_COSTS:0.12;
    TRANSPORTER_DELIVERY_TIME_SUPPLIER_CUSTOMER:100.0;
JOB_CUSTOMER:3;3;2;4;3;3;1;1;4;3;1;4;4;2;4;4;3;3;4;2;2;3;2;3;2;2;3;2;1;3;
JOB_DUE_DATES:10000.0;10005.29175063997;10006.44519649375;10009.274461158362;10019.804077447783;10030.472888386634;10042.359166992908;10056.84114450514;10069.774844959224;10075.195905979414;10088.340283999118;10093.744266521175;10100.032991573209;10112.555376818651;10121.671305602451;10132.264276612455;10141.050584886743;10148.462514737024;10152.715673050472;10162.118915245788;10164.574357607757;10164.755993534724;10171.885625658944;10186.042185819128;10187.88719654426;10193.113982539484;10196.197340241135;10197.558412483348;10200.072704772116;10212.644045086983;
TIME_CUSTOMER_CUSTOMER:1;2;152;
TIME_CUSTOMER_CUSTOMER:1;3;114;
TIME_CUSTOMER_CUSTOMER:1;4;315;
TIME_CUSTOMER_CUSTOMER:2;3;173;
TIME_CUSTOMER_CUSTOMER:2;4;265;
TIME_CUSTOMER_CUSTOMER:3;4;131;
