NBR_PRODUCT:20;
NBR_CUSTOMER:3;
  TRANSPORTER_CAPACITY:6;
  TRANSPORTER_DELIVERY_COST_ETA:0.7;
  CUSTOMER:1;
    CUSTOMER_HOLDING_COSTS:0.5197329998950234;
    TRANSPORTER_DELIVERY_TIME_SUPPLIER_CUSTOMER:130.0;
  CUSTOMER:2;
    CUSTOMER_HOLDING_COSTS:0.5728013201575545;
    TRANSPORTER_DELIVERY_TIME_SUPPLIER_CUSTOMER:90.0;
  CUSTOMER:3;
    CUSTOMER_HOLDING_COSTS:0.5018937402584046;
    TRANSPORTER_DELIVERY_TIME_SUPPLIER_CUSTOMER:100.0;
JOB_CUSTOMER:1;2;2;2;2;2;2;1;1;3;2;2;3;1;1;1;2;1;3;3;3;1;1;1;1;3;2;3;1;2;
JOB_DUE_DATES:10000.0;10005.01139426087;10006.697173869496;10036.182259055182;10058.006379814362;10075.22251068061;10089.566370643528;10136.919379509847;10145.940712372434;10175.198654054357;10205.336661024674;10231.108166955051;10278.593758117775;10314.519272323114;10345.48704109941;10356.373690379221;10359.657935463134;10390.466630983494;10409.029926533629;10423.234909379978;10429.302954654333;10434.952833085052;10461.5328219345;10464.02148734759;10496.016801832053;10526.330237055892;10545.051224020812;10547.605105751534;10572.957868253976;10588.658049179212;
TIME_CUSTOMER_CUSTOMER:1;2;129;
TIME_CUSTOMER_CUSTOMER:1;3;184;
TIME_CUSTOMER_CUSTOMER:2;3;131;
