NBR_PRODUCT:20;
NBR_CUSTOMER:2;
  TRANSPORTER_CAPACITY:6;
  TRANSPORTER_DELIVERY_COST_ETA:0.5;
  CUSTOMER:1;
    CUSTOMER_HOLDING_COSTS:0.7418373750695695;
    TRANSPORTER_DELIVERY_TIME_SUPPLIER_CUSTOMER:80.0;
  CUSTOMER:2;
    CUSTOMER_HOLDING_COSTS:0.7951581844953125;
    TRANSPORTER_DELIVERY_TIME_SUPPLIER_CUSTOMER:120.0;
JOB_CUSTOMER:2;2;1;1;1;1;2;2;2;1;1;1;2;2;2;2;2;2;1;2;2;2;1;1;2;2;1;2;1;1;
JOB_DUE_DATES:10000.0;10024.360281758676;10025.866151885813;10038.968602028428;10048.966899632775;10074.316495224233;10095.014190466678;10114.313535658752;10120.443811510928;10131.731302616317;10147.576613813571;10152.335957926429;10153.073872446788;10177.774343279305;10204.601741550438;10216.79162891348;10255.019617497665;10271.924459671223;10292.747323934087;10293.82054355441;10328.097301358566;10352.345947509752;10363.855803495775;10395.21569657043;10432.281290827235;10449.885111158534;10470.409932537712;10487.994155091328;10489.065657776482;10514.133072023038;
TIME_CUSTOMER_CUSTOMER:1;2;80;
