NBR_PRODUCT:15;
NBR_CUSTOMER:2;
  TRANSPORTER_CAPACITY:6;
  TRANSPORTER_DELIVERY_COST_ETA:0.5;
  CUSTOMER:1;
    CUSTOMER_HOLDING_COSTS:0.7418373750695695;
    TRANSPORTER_DELIVERY_TIME_SUPPLIER_CUSTOMER:100.0;
  CUSTOMER:2;
    CUSTOMER_HOLDING_COSTS:0.7951581844953125;
    TRANSPORTER_DELIVERY_TIME_SUPPLIER_CUSTOMER:130.0;
JOB_CUSTOMER:1;1;2;1;1;1;2;1;2;1;1;2;2;2;1;
JOB_DUE_DATES:10000.0;10019.04480398711;10030.003299677399;10043.44384818749;10048.580563442083;10060.184166540006;10080.147006405936;10082.960406345119;10085.691278834607;10099.86767661797;10120.8683263267;10143.839629320197;10164.122642573022;10166.008347618068;10179.323076624512;10184.369343793245;10199.358344228627;10211.544951613649;10240.405228562602;10252.30552160106;
TIME_CUSTOMER_CUSTOMER:1;2;80;
